0.049510486241
0.049512421696
0.048964224485
0.048746009192
0.049317202054
0.049073357019
0.048915454116
0.048494054296
0.048257960016
0.048100014338
0.048656771681
0.048546400805
0.048372289668
0.048115242421
0.048459674871
0.04806763429
0.046959147157
0.046943942763
0.046504864267
0.046274979698
0.046870908984
0.046598771707
0.046537185776
0.046092985187
0.050100410293
0.049957642101
0.050363964417
0.050224039019
0.050552173173
0.050302236726
0.050624339172
0.050206074457
0.048730072226
0.048719015323
0.048213419149
0.04797245415
0.048544651406
0.048280173747
0.048144645238
0.047695842589
0.048112272127
0.0479561266
0.048464741294
0.048334517969
0.048564364607
0.048298026703
0.048692716386
0.048282762274
0.050063445415
0.050056929454
0.04956968766
0.049335098772
0.050491487959
0.050239090065
0.050187718818
0.049726836064
0.047930707998
0.047819097483
0.048300229128
0.048169818305
0.047744943049
0.047512490927
0.047797572108
0.047391294353
