0.030920053666
0.030839227012
0.030753543096
0.030746517303
0.030515356117
0.030688346909
0.030665721709
0.030675198048
0.030574068482
0.030496552922
0.030708948277
0.030728706078
0.030576170198
0.03074297164
0.030603477929
0.0305935798
0.030406567318
0.030326585824
0.030234733932
0.030229295769
0.030386459885
0.030555396948
0.030547159327
0.030552720176
0.030407440914
0.030330392315
0.030520330486
0.030537008785
0.030435961327
0.030599056735
0.030473241052
0.030462398367
0.030547503256
0.030467647746
0.030381161506
0.030374369063
0.030147224091
0.030317967337
0.030297051346
0.030306613195
0.030469102593
0.030391958642
0.030600808613
0.030620833089
0.030485950849
0.030652400107
0.030513945528
0.030504629359
0.030494402132
0.030414202148
0.0303237247
0.030318656912
0.030460702386
0.030630306605
0.03062070409
0.030627093963
0.030397492414
0.030320899334
0.030510495897
0.030527920173
0.030420378875
0.030583994019
0.030457483076
0.030447761307
0.03048257321
0.030402977652
0.030318441685
0.030312206692
0.03008222289
0.030252805268
0.030230545863
0.030240399272
0.030123695046
0.030047629622
0.03025674768
0.03027718774
0.030127245085
0.030291994687
0.030154402628
0.030145578184
0.030400190863
0.030320296434
0.030228289741
0.030223067031
0.030376839182
0.030545540681
0.030537035744
0.030543119975
0.030421628141
0.030344849369
0.030534640741
0.030551903837
0.030450158616
0.030613536051
0.030487453402
0.030477601333
0.030501670232
0.030422045239
0.030335451904
0.030329261212
0.030105305247
0.03027579334
0.030254961126
0.030265075207
0.030407591366
0.030331004109
0.030539248028
0.030560202364
0.030423565715
0.030590127561
0.030451783855
0.030443613582
0.030357537757
0.030277894881
0.030187607373
0.030183014214
0.030323316312
0.03049212512
0.030482248266
0.030489240585
0.03026442591
0.030188584534
0.030377154102
0.030395250734
0.030287944771
0.030451196348
0.030325068522
0.030316518406
0.030846732283
0.030765884489
0.03068007435
0.030673274525
0.030443384673
0.030615587677
0.030592116878
0.030602952909
0.030497778228
0.030420955798
0.030632395923
0.030653310344
0.030500173612
0.030667291691
0.030527604804
0.030520381282
0.030361176452
0.030281505959
0.030189321205
0.030184461683
0.030340330074
0.030508988607
0.030499722527
0.030507086301
0.030364414381
0.030288403412
0.030477535877
0.030495779557
0.030392846352
0.030556809928
0.030430383266
0.030422607931
0.030643968506
0.030563785356
0.030476723987
0.030470533066
0.030242674034
0.030413849641
0.030392260612
0.030403286213
0.030563210659
0.030486492184
0.030695487258
0.030717147228
0.030580306434
0.030748275919
0.030608770806
0.030602140232
0.030596164395
0.030515966036
0.030424779179
0.030420689101
0.030562126003
0.030732536385
0.030722186971
0.030730415233
0.030498597875
0.030422762441
0.030612394755
0.030631797229
0.030521782841
0.030687251933
0.030559554549
0.03055278835
0.030665297721
0.030585134876
0.030499692399
0.030493976833
0.03026291037
0.030434515102
0.030411112322
0.03042294123
0.030305715025
0.030230030739
0.030439805149
0.030462107849
0.030309656382
0.030476751401
0.030337477515
0.030331989645
0.030563738066
0.030483863906
0.030390824581
0.030386778426
0.030540079052
0.030710262222
0.030700608248
0.030709204926
0.030583465412
0.03050768964
0.030697731915
0.030717483048
0.030612337408
0.030778495815
0.030650634847
0.030644631125
0.030651234729
0.03057111298
0.03048378477
0.030478249626
0.030252968285
0.030424371686
0.030402583257
0.030414608098
0.030555664253
0.030479573626
0.030688235191
0.030711177449
0.030572107245
0.030740953237
0.030601051331
0.030596233269
0.030516547044
0.030436791097
0.030345571803
0.030342080233
0.030482085762
0.030652293265
0.030641436396
0.030650773241
0.030422384984
0.030347421128
0.030536280341
0.030556760829
0.030446220067
0.03061215895
0.030484322447
0.030479414645
0.030895374457
0.030813908937
0.030727493989
0.030720677068
0.030491784589
0.030664719306
0.030639295435
0.030652920565
0.030547758934
0.030471247425
0.030682756481
0.030704898761
0.030550041297
0.030718923461
0.030578173701
0.030574718684
0.030384452258
0.030304660127
0.030211964933
0.030207616741
0.030362235789
0.030531978868
0.03052082719
0.0305314215
0.030383562814
0.030308271927
0.030497251771
0.030517103627
0.030411003926
0.030576939994
0.030449319613
0.030445619975
0.030523307571
0.030442495018
0.030355469375
0.03034847795
0.030123393199
0.030293716546
0.030270127462
0.03028334754
0.030443482672
0.030367017389
0.030575116464
0.030597116043
0.030460368224
0.03062855532
0.030488954074
0.030485653423
0.030472397735
0.030391836352
0.030300702234
0.030296071476
0.030436787109
0.030606614763
0.030594317515
0.030605070478
0.030373447553
0.030298034486
0.030486895773
0.030506806
0.030394985983
0.030560821475
0.030432734249
0.030429430676
0.030705789266
0.030624441944
0.030538684005
0.03053222452
0.030302904898
0.030474409468
0.030449553066
0.030462942196
0.030342580879
0.03026643278
0.030476477982
0.030499010002
0.030346082986
0.030513819879
0.030373970182
0.030370766588
0.030619335613
0.030538509463
0.030445103596
0.03044050938
0.030593829104
0.030764251502
0.030753127691
0.030763582374
0.030638720789
0.030562608006
0.03075305048
0.030773142012
0.030666328049
0.030833392233
0.03070466183
0.030701122232
0.030749296116
0.030667458757
0.03057975497
0.030572858844
0.030349471099
0.030520584839
0.030497288419
0.030510422174
0.030652589244
0.030575460392
0.030784938138
0.030807544502
0.030668426993
0.030837720605
0.030697119094
0.030694113483
0.030606287941
0.030525028116
0.030433477039
0.03042880777
0.030569838938
0.030739901081
0.030727621956
0.030738268293
0.030510097539
0.030434221513
0.030623852328
0.030644056117
0.030532392472
0.030698820566
0.030570159909
0.030567133359
0.030900749466
0.030818171461
0.030732214339
0.030729142892
0.030493604853
0.030667720984
0.030644594666
0.030660239553
0.03055022387
0.030473998043
0.030684638383
0.030711274901
0.030551723698
0.030723055263
0.030581188315
0.030580970939
0.0304115064
0.030331081294
0.030238333901
0.030238114326
0.030390662191
0.030562175594
0.03055287368
0.030565920883
0.030414209201
0.030339622112
0.030527563805
0.030552345779
0.030443535582
0.030612468732
0.030483892466
0.030483858089
0.030680324535
0.030597991648
0.03051095264
0.030507934587
0.03027579809
0.030448301665
0.030427185458
0.030442524483
0.03059790695
0.030521387141
0.030729623884
0.030756522794
0.030613867901
0.030785533291
0.030644066127
0.030644069617
0.030629171635
0.030547519078
0.030456106233
0.030455883037
0.030594415609
0.030766869645
0.03075664685
0.030769900377
0.03053055449
0.030455465145
0.0306440624
0.030669228564
0.030554156993
0.030723804827
0.030594237994
0.03059456067
0.030711947939
0.03062873363
0.030543621376
0.030540677913
0.030304987624
0.030477382347
0.030454981782
0.030470444682
0.030350038385
0.030273744258
0.030482996057
0.0305100709
0.030352339236
0.030522585676
0.030381458728
0.030381829681
0.030607362615
0.03052542794
0.030432282013
0.030431947258
0.030583297199
0.030755259622
0.030746188545
0.03075933848
0.030626290664
0.030550738021
0.030739849784
0.03076521844
0.030655598288
0.030825706537
0.030696055378
0.030696698975
0.030702614319
0.030618784643
0.030531950606
0.030528523968
0.030299970855
0.030471569858
0.030450993514
0.030466025422
0.030604329315
0.030526990903
0.030735364206
0.030762492152
0.030618789308
0.030790238937
0.030648646438
0.030649152144
0.030565221943
0.030482491475
0.0303914875
0.030390800831
0.030529524787
0.03070067157
0.03069064691
0.030703684886
0.030469701471
0.030394066081
0.030582331213
0.030607513657
0.030493479909
0.030662532038
0.030533152453
0.030534016267
0.031073109348
0.030991730521
0.030905205538
0.030898893677
0.030666547734
0.030840462778
0.030816658614
0.03082840169
0.03072460224
0.03064765588
0.030860402823
0.030882365313
0.030727002275
0.03089624303
0.030755084979
0.030749050809
0.030557612626
0.030477683098
0.030384764938
0.03038070807
0.030536907117
0.030707354112
0.030697847379
0.030706287481
0.030557913488
0.03048204384
0.030672051686
0.030691574199
0.030586723008
0.030752817851
0.030625122612
0.030618699831
0.030706238943
0.030625775875
0.030538497098
0.030532286321
0.030303908686
0.030475537571
0.030453485788
0.030465145391
0.030626675383
0.030550054418
0.030759344732
0.030781471676
0.030643905611
0.030812800353
0.030672676005
0.030667115529
0.03065327287
0.030572933261
0.030481486507
0.03047751918
0.030619006918
0.030789983799
0.030779191289
0.030788193905
0.030555091047
0.030479472506
0.030669310175
0.030689284313
0.030578172798
0.030744624037
0.030616297809
0.030610687412
0.030596154095
0.030516343026
0.030431086775
0.03042584057
0.03019455075
0.030366162229
0.030342849017
0.030355060472
0.030235307297
0.030160163159
0.030369325987
0.030392184708
0.030239278039
0.030406586825
0.030267411272
0.030262537553
0.030513039411
0.030433522788
0.030340570613
0.030336964927
0.030489504103
0.030659822732
0.030650143643
0.030659176352
0.030533874044
0.030458618105
0.030648198354
0.030668491763
0.030562918215
0.03072940558
0.030601537431
0.030596167293
0.030612277824
0.030532390058
0.030445157989
0.03043982041
0.03021466813
0.030386093261
0.030364271581
0.030376568624
0.030517049113
0.030441354135
0.030649678637
0.030672948728
0.030533480266
0.030702560699
0.030562666115
0.030558344412
0.030467692206
0.030388253208
0.030297158323
0.030293910944
0.030433324499
0.030603559615
0.030592608331
0.030602275373
0.030373433868
0.030298927759
0.030487398357
0.03050822469
0.030397376707
0.030563521257
0.030435719129
0.03043133261
0.030797019614
0.030716516621
0.030630765585
0.030625452959
0.030394244904
0.030566803848
0.030543250978
0.030555937258
0.030448129781
0.030372696063
0.030583188336
0.030606631866
0.030450915381
0.03061980925
0.030479411072
0.030475556513
0.030311105053
0.03023230023
0.030139949532
0.030137137167
0.030290990602
0.030460561758
0.030450974501
0.030460751035
0.03031400655
0.0302399332
0.030427931033
0.03044929468
0.030343365441
0.030509624924
0.030382342389
0.030378451109
0.030588085627
0.030508253113
0.030421293499
0.030416510384
0.030187626604
0.030359116431
0.03033744059
0.030350265816
0.030506854933
0.030431563522
0.030639600244
0.030663759732
0.030524333526
0.030694086853
0.030553890352
0.0305506559
0.030539209252
0.030459792034
0.030368548025
0.03036632939
0.030505880351
0.030677082312
0.030666438839
0.030676964727
0.030441258286
0.030367280094
0.030555827043
0.030578174457
0.030465308768
0.03063296179
0.030504474369
0.030501472488
0.030660867795
0.030580995889
0.030495610144
0.030491713645
0.030258329042
0.030430826203
0.030407633072
0.030421365826
0.030300701608
0.030226425399
0.030435566882
0.030460746821
0.03030504168
0.030474474065
0.030334210329
0.030332110418
0.030558391467
0.03047936006
0.030386114319
0.030384458338
0.030535917387
0.030707587534
0.030697892289
0.030708966715
0.030577835489
0.030504049663
0.030693211544
0.030716444745
0.030608009417
0.030777055214
0.030648128215
0.03064605049
0.030651927467
0.03057204362
0.030484803538
0.030481018284
0.030253694359
0.030426006109
0.030404489083
0.030418332564
0.030555431844
0.030480727745
0.030688835206
0.030714637722
0.030572258883
0.030743500518
0.030602589649
0.03060113528
0.030516343299
0.03043726828
0.030345950595
0.030344668075
0.030482954328
0.030654569982
0.030643757902
0.03065539514
0.030421740922
0.03034860734
0.030536724872
0.030560494236
0.030446832442
0.03061557357
0.030486711732
0.030485524519
0.03078702847
0.030703570768
0.030618171854
0.030614160585
0.030380765958
0.030553304139
0.030530222187
0.030545430715
0.030439983838
0.03036319661
0.030573254657
0.030599220797
0.030440815523
0.030611003274
0.030469675105
0.030469487536
0.030273626412
0.030192569205
0.030100467359
0.030099592226
0.030252227862
0.030422271984
0.030412974021
0.030425799003
0.030272973159
0.030198061541
0.030385273781
0.030409625425
0.030301474495
0.030469305633
0.030341282128
0.030341448946
0.030403089186
0.030320150287
0.030234195863
0.030229741826
0.030001498821
0.030171177693
0.030149995983
0.030164572181
0.030322191649
0.030245322061
0.03045198596
0.030477593117
0.030337448939
0.030506718473
0.030366661581
0.030366471709
0.030349214536
0.030267062798
0.030176760563
0.030175199524
0.030313795376
0.030483525551
0.030473171928
0.030485808841
0.030250403065
0.030175052671
0.030362238861
0.03038623219
0.030272765099
0.030440106862
0.030311771074
0.030311982574
0.030727583967
0.03064381049
0.030558786996
0.030555327354
0.030320156132
0.030492153371
0.030469769421
0.030484856242
0.030363199656
0.030286472427
0.030495938222
0.030522644518
0.030365176683
0.030535171056
0.030394042964
0.030394192641
0.030637317751
0.030554829272
0.03046169637
0.030460824572
0.030612795991
0.030784457563
0.030775368462
0.030788181448
0.030656937271
0.030580934137
0.03077035711
0.030795335098
0.030685923752
0.030855872994
0.030726135666
0.030726573934
0.030782658934
0.030698097802
0.030611149923
0.030606947002
0.030378939022
0.030550369533
0.030529653361
0.030544220376
0.03068383283
0.030605852742
0.030814935108
0.03084149872
0.030697991921
0.030869411845
0.030727560218
0.030727718324
0.03063783588
0.03055443814
0.030463343742
0.030461925473
0.030601613878
0.030772595093
0.030762445927
0.030775058143
0.030541519288
0.030465303451
0.030654187808
0.030678818711
0.030564940897
0.030733949396
0.030604339033
0.030604885612
0.030762237306
0.030674139122
0.030589998991
0.03058152705
0.030355017751
0.030522904239
0.030499755192
0.030512676531
0.030409308828
0.030329057023
0.03053998547
0.030562936844
0.030408265586
0.030575364426
0.030434746387
0.030433938021
0.030276024127
0.030190807943
0.030099741431
0.030094918581
0.030251479556
0.03041759611
0.030408056423
0.030419215074
0.030274903858
0.030196942009
0.030385139892
0.030406950025
0.030300868775
0.030466278587
0.030338480521
0.030338514383
0.030547160856
0.030459134764
0.030374032696
0.030365460423
0.030142023147
0.030308209201
0.030287152463
0.030299570443
0.030461243036
0.030380491984
0.030589141041
0.030612168243
0.030474502034
0.030641796678
0.030501609711
0.030500812501
0.030496335244
0.030409488155
0.030319899215
0.030314655597
0.030458082218
0.03062477636
0.030614502022
0.030625436381
0.030394285651
0.030315427992
0.030504465806
0.030526246298
0.030414410108
0.030580187554
0.030451534584
0.030451492497
0.030540860338
0.030451458605
0.030368510443
0.030358566607
0.030134571394
0.03029942777
0.030276852497
0.030288427415
0.030176502164
0.030095429394
0.03030517938
0.030326988753
0.030175986828
0.030340696035
0.030201349444
0.030199991163
0.03043570816
0.030348275913
0.0302572335
0.030250640258
0.030407379699
0.030572586434
0.030563152295
0.030573235849
0.030449825179
0.030370112187
0.030559744821
0.030580499369
0.030475001159
0.030640232004
0.030511820576
0.030511371889
0.030528188045
0.030437937784
0.030353454913
0.030342633108
0.030125675378
0.030289433834
0.030268727752
0.030279497579
0.030426280463
0.030343851464
0.030552862082
0.030574263632
0.030437733034
0.030603259933
0.030463581255
0.030461946357
0.030390842822
0.030302214595
0.030213482976
0.030205950848
0.030351152407
0.030515047369
0.030504821839
0.030514219134
0.030290953327
0.030210738112
0.030399716987
0.030419687079
0.03031042933
0.030474108328
0.030346168676
0.030345348225
