0.11555059317
0.11514502615
0.1148002401
0.11500275807
0.11473075031
0.11544082745
0.11505777595
0.11492828916
0.11511944422
0.11468050887
0.11590223078
0.11612810846
0.11500121256
0.11567685647
0.11506345211
0.11493817026
0.1149470132
0.11453029872
0.11432044128
0.11453352725
0.11492092587
0.11561795079
0.11529588857
0.11517308364
0.11523641442
0.11479393865
0.11591135963
0.11615198198
0.11510923755
0.11578701126
0.11521427601
0.11510776661
0.11588761206
0.11547576593
0.11523031304
0.11543945121
0.11467009327
0.11538143929
0.11495390245
0.11482848544
0.11493848648
0.11450131745
0.11566992282
0.11590166058
0.11509182137
0.11576914752
0.11518232979
0.11506594538
0.11520971312
0.11478350299
0.1145141233
0.11473321112
0.11553939864
0.11624349196
0.11594390799
0.11583451178
0.11460543251
0.1141584282
0.11530224617
0.11553570313
0.11439571087
0.11505253745
0.11447805699
0.11436419057
