0.0070093340309
0.0069454439477
0.0069201707658
0.0067525828337
0.00700529153
0.0069461966809
0.0068440907626
0.0068034608699
0.0068650587299
0.0067990102269
0.0068777032009
0.0067420210951
0.0068643888993
0.0068158734855
0.0068077362391
0.0067794762971
0.0070382200088
0.0069762381152
0.0069576146017
0.0067956243681
0.0069233326618
0.0068678907638
0.0067773732206
0.0067422710538
0.0069454266794
0.0068809844603
0.006962047814
0.0068282032816
0.0068530163444
0.006807904637
0.0067837400289
0.006757846554
0.0069343248941
0.0068699063692
0.006848074302
0.0066797208403
0.0068936280075
0.0068327906539
0.0067314041345
0.0066874313017
0.0068779337381
0.0068099128642
0.006888377858
0.0067493386716
0.0068817188172
0.0068302938841
0.0068229658539
0.006789995284
0.0070166138743
0.0069526272044
0.0069333360595
0.0067669228807
0.0069224398292
0.006862822797
0.0067744021015
0.0067334103138
0.0069130000038
0.0068457578081
0.0069275138963
0.0067888279356
0.0068204922648
0.0067704917829
0.0067487204913
0.006716383353
0.0069657097467
0.00689995189
0.0068765857601
0.006704370231
0.006959364545
0.0068952697908
0.0067968356977
0.0067465245956
0.0068233836285
0.0067533218839
0.0068331320251
0.0066903130658
0.0068219458061
0.0067661924572
0.0067613446847
0.0067213100972
0.0069655722845
0.0069004048983
0.0068833648289
0.0067137667162
0.0068524913412
0.0067896659583
0.0067020571301
0.0066557833581
0.0068752251688
0.0068054938473
0.0068883626414
0.0067447130409
0.0067814770066
0.0067270446519
0.0067064883955
0.0066676944702
0.0069340501245
0.0068677792112
0.0068470116226
0.0066721147662
0.0068949573891
0.0068284031936
0.0067298846816
0.0066755425596
0.0068868826221
0.0068145031438
0.0068949394526
0.0067469203384
0.0068890550716
0.0068295927413
0.0068253474836
0.0067797394975
0.0069395530851
0.006873460007
0.0068561218554
0.0066832456126
0.0068456415094
0.0067796011436
0.0066942034372
0.0066423395332
0.0068237472773
0.006752243647
0.0068352636077
0.0066877049836
0.0067298033351
0.0066712263724
0.0066530339964
0.0066079584376
0.0068108706707
0.0067448349681
0.0067223546239
0.0065445677559
0.0068095971331
0.0067402430868
0.0066428305857
0.0065853056377
0.0066704467993
0.0065981626642
0.0066785348278
0.0065284545471
0.0066681422575
0.0066055935988
0.0066035839148
0.0065550730926
0.0068230809198
0.0067576238331
0.0067421548371
0.006568703975
0.0067084313403
0.0066411928808
0.0065555706045
0.0065022911624
0.0067310295038
0.0066594654435
0.0067424466964
0.0065933095028
0.0066366742988
0.0065764931836
0.0065587304343
0.0065117978685
0.0068627398619
0.0067969252467
0.0067770852108
0.0065988440553
0.0068242830295
0.006754692038
0.0066568951507
0.0065971986338
0.0068082613556
0.0067347080155
0.0068155723874
0.0066626172934
0.0068110347929
0.00674704288
0.0067449871022
0.0066927950177
0.0069451351651
0.0068788424533
0.0068618020695
0.006684644606
0.0068516601672
0.0067822729572
0.0066977088922
0.0066399801895
0.0068413704182
0.0067681716297
0.0068524631575
0.0066994830985
0.0067473394367
0.0066843559306
0.0066678963144
0.0066159907123
0.0068400956954
0.0067758935185
0.0067539831002
0.0065736724094
0.006838738034
0.0067676859501
0.0066721148976
0.0066076322236
0.0067001499461
0.0066271979247
0.0067084998344
0.0065533990428
0.0066992996809
0.0066326716547
0.0066328405094
0.0065751676036
0.0068550685535
0.0067899784183
0.0067747821317
0.0065958413411
0.0067435721962
0.0066723997022
0.0065881088159
0.0065262229597
0.0067668456024
0.0066932532425
0.0067780111306
0.006621225933
0.0066727290354
0.0066065440253
0.0065911158578
0.0065336872047
0.0068491494017
0.0067862750713
0.0067663502279
0.0065853021002
0.0068154358373
0.0067441267827
0.0066479442061
0.0065812923871
0.0068041246417
0.0067306849801
0.0068123676092
0.0066539597263
0.0068078861978
0.006739685072
0.006739735134
0.0066781873406
0.0068604650244
0.0067967679368
0.0067804853939
0.0066005274434
0.006769732773
0.0066979284613
0.0066151466036
0.0065499786392
0.0067481096715
0.0066750683314
0.006759554254
0.0066012129771
0.0066551360692
0.006587431484
0.0065735043137
0.0065121429915
0.0064628204085
0.0063982471153
0.0063768587824
0.0061976812577
0.0064666700471
0.0063942249584
0.0062976818802
0.006237001815
0.0063264695992
0.0062547872131
0.0063329893281
0.0061804246006
0.0063243959462
0.0062581904189
0.0062583416747
0.0062063323515
0.006499028354
0.0064347641916
0.0064204237078
0.0062454939003
0.0063852152585
0.0063148728197
0.0062300309131
0.0061734706998
0.0064073538277
0.006336273259
0.0064173887157
0.0062658566504
0.0063129920998
0.0062492558138
0.0062334738346
0.0061829877521
0.006390301576
0.0063269719691
0.0063085371752
0.0061304121544
0.0063585894061
0.0062862941834
0.0061898928517
0.0061277785132
0.0063375247227
0.0062656543208
0.0063431984242
0.0061890327496
0.0063405847228
0.0062732821326
0.0062737048562
0.0062187429493
0.0064740904281
0.0064101647706
0.0063945336538
0.00621736641
0.0063824906083
0.0063102975766
0.0062269218108
0.0061666696357
0.0063741303063
0.0063025893797
0.0063838032178
0.0062296733594
0.0062810122557
0.0062147588444
0.0062006981747
0.0061460130705
0.0065411550566
0.0064789011447
0.006457759029
0.0062772227546
0.0065446126519
0.0064719081441
0.0063767780244
0.0063107950509
0.0064063893903
0.0063348034039
0.0064140200443
0.006257912699
0.0064061001277
0.0063374814638
0.0063391857527
0.0062798258933
0.0065442606867
0.0064809827898
0.0064666540136
0.0062872632935
0.0064340423795
0.0063609645203
0.0062769658676
0.0062134154135
0.006455697826
0.006383414506
0.006466214205
0.0063082824704
0.0063618732103
0.0062934842603
0.0062795568933
0.0062203074208
0.0065151368573
0.0064546075989
0.0064354917456
0.0062542849511
0.0064869224959
0.0064139645524
0.0063180219335
0.0062500800578
0.0064729746068
0.0064012771654
0.0064806524814
0.0063212783288
0.0064773861206
0.0064071830083
0.0064088861775
0.0063458680012
0.0065238948139
0.0064624676717
0.006447071666
0.0062669090542
0.0064346563987
0.0063611483997
0.0062785163895
0.0062120225943
0.0064121836848
0.0063408886948
0.0064232260321
0.006263982195
0.0063196610753
0.0062499639494
0.0062375698754
0.0061747403778
0.0072471368266
0.0071865427666
0.0071628849521
0.0069800270607
0.0072469612709
0.007177578988
0.0070817131205
0.0070120518595
0.0071058344124
0.0070339284904
0.0071186676725
0.0069592627164
0.0071070285002
0.007040053701
0.0070396141296
0.0069747992689
0.0072565224135
0.0071947770332
0.007178418783
0.0069984957394
0.0071465026563
0.0070775720641
0.0069941537847
0.0069272163075
0.0071675862024
0.0070953805655
0.0071826480914
0.0070232690741
0.0070761022848
0.0070104695202
0.0069946223201
0.0069304957695
0.0072743004547
0.0072157997352
0.007194355834
0.0070129267849
0.0072380517055
0.007170187278
0.0070735107266
0.0070035041334
0.0072237502842
0.0071524889726
0.0072370501964
0.0070765943505
0.0072312334477
0.0071645996094
0.0071636692385
0.0070969126609
0.0073571818004
0.0072971579775
0.0072786793595
0.0070974247237
0.0072697954937
0.0072010949232
0.0071181300217
0.007048999833
0.0072560629472
0.0071847433348
0.0072725534967
0.0071116980657
0.0071662139229
0.0071001497402
0.0070850041581
0.0070181789899
0.007357142499
0.007303812629
0.0072790661312
0.0070990458029
0.0073590292442
0.0072940558412
0.0071983780718
0.0071272409208
0.0072173241749
0.007150152195
0.0072350206786
0.0070760762735
0.0072229917511
0.0071580905582
0.0071578509921
0.0070893309752
0.0073706640801
0.0073147919945
0.0072970245813
0.0071169126407
0.0072669930424
0.0072002786849
0.0071165873705
0.0070464274937
0.0072874639204
0.0072187225741
0.0073069215268
0.0071453042235
0.0071993450453
0.0071338531475
0.0071184053447
0.0070490899237
0.0073618174528
0.0073121810478
0.0072888093196
0.0071102563114
0.007332651187
0.0072697205523
0.0071728004711
0.0071016910661
0.0073223132693
0.0072570696216
0.0073416982444
0.0071816492537
0.007334153691
0.0072700462154
0.0072690387226
0.0071987815102
0.0073727170229
0.0073211573364
0.0073016027326
0.0071232103093
0.0072914136867
0.0072269819362
0.007143971509
0.0070733171171
0.0072643634049
0.0071990691233
0.0072862647845
0.0071258725216
0.0071788393583
0.0071147506989
0.0070999865709
0.0070295584229
0.0068931270351
0.0068270306932
0.0068044362814
0.0066240684106
0.0068921560541
0.006821558287
0.0067238754678
0.0066634781696
0.0067513337912
0.0066781931923
0.0067596466617
0.0066065141456
0.0067493641112
0.0066849889046
0.0066833948181
0.0066315054568
0.0069247985673
0.0068589711063
0.0068434347781
0.006667307568
0.0068097914096
0.0067412159968
0.0066555319257
0.0065991877354
0.0068325022879
0.0067598957254
0.0068440557849
0.0066918487644
0.0067377396331
0.0066757484594
0.0066582743589
0.0066078428791
0.0068174151615
0.0067524738039
0.006732847316
0.0065534086987
0.0067805868382
0.0067099967685
0.0066124723859
0.0065505210183
0.0067632173527
0.0066897727725
0.0067705498117
0.0066156744404
0.0067665546554
0.0067009486704
0.0066996615152
0.006644691877
0.0069009320522
0.0068353351966
0.0068185156889
0.0066400155221
0.0068080696815
0.0067375133876
0.0066532845945
0.006593126729
0.0067988890851
0.006725715328
0.006809977636
0.0066550406731
0.0067052432043
0.0066405971878
0.0066248676511
0.0065701175548
0.0068830819023
0.006819575627
0.0067975776348
0.0066172208856
0.0068817216393
0.0068110125754
0.0067157587624
0.0066503176863
0.0067445113183
0.0066718326451
0.0067534270697
0.0065978730315
0.0067441571352
0.0066774916677
0.0066776495842
0.006618635589
0.0068848692715
0.0068202960217
0.0068050413079
0.0066257860098
0.0067742823299
0.0067031234059
0.006619159802
0.0065560679542
0.0067965088557
0.006723055109
0.0068080386461
0.0066505514374
0.0067029292007
0.0066364082193
0.0066211065263
0.0065621427631
0.0068514075313
0.0067895249898
0.0067695632719
0.0065885660703
0.0068183973431
0.0067473500668
0.0066514172071
0.0065839543815
0.0068081685558
0.0067352807418
0.0068169736867
0.0066581682532
0.0068125485841
0.0067442276646
0.0067444062701
0.0066816705545
0.006858538178
0.0067957171881
0.0067794448609
0.0065994735762
0.0067687445705
0.0066970801829
0.0066145809273
0.0065484859305
0.0067458550906
0.0066733141981
0.0067577560254
0.0065989955701
0.0066535336242
0.0065856254467
0.0065718918739
0.0065092920229
0.0068832955192
0.0068234044998
0.0068007497794
0.0066192117886
0.0068869408407
0.0068162579273
0.0067211267841
0.006652353345
0.0067466145053
0.0066755060984
0.0067575665379
0.0065990885307
0.0067475386578
0.0066792006599
0.0066802328443
0.0066163446925
0.0068957188276
0.0068346123439
0.0068193451382
0.0066406177511
0.0067861163144
0.0067158185252
0.006632962655
0.0065668405599
0.0068072449199
0.0067357175251
0.0068205706548
0.0066620170398
0.0067156689113
0.0066485736452
0.0066342026567
0.0065708935485
0.006924754937
0.006866731944
0.0068462745467
0.0066659371422
0.0068922550249
0.0068229531883
0.0067269835003
0.0066576973604
0.0068752665606
0.0068045782354
0.0068866045548
0.0067268703328
0.0068822028622
0.0068140456489
0.0068145828684
0.0067485807793
0.0070084288522
0.0069488071444
0.0069313819039
0.0067511022792
0.0069213023421
0.0068510748333
0.0067686682785
0.0067001863873
0.0069088299392
0.0068379519905
0.0069234551686
0.0067632217895
0.0068188056915
0.0067511275907
0.0067374394947
0.0066712656345
0.0070160967677
0.0069628611491
0.0069391049006
0.0067596502579
0.0070213736848
0.0069545428689
0.0068595239476
0.0067887112572
0.0068802454508
0.0068132295902
0.0068956987865
0.0067369575217
0.0068853636635
0.0068185163885
0.0068198233645
0.0067516506668
0.0070316069978
0.0069757506708
0.0069590763987
0.0067794152766
0.0069278221411
0.0068591632602
0.0067759904015
0.0067060845512
0.0069485979982
0.0068798772231
0.0069659336388
0.0068044197973
0.0068599508075
0.0067924020505
0.0067784871138
0.0067094150018
0.0070321020316
0.0069823096908
0.0069599285959
0.0067817451136
0.0070061148059
0.0069411706594
0.0068449188508
0.0067739603819
0.0069935645057
0.0069282286745
0.0070105690912
0.0068505366164
0.0070045921268
0.0069383571636
0.0069389009655
0.0068688075491
0.0070448908233
0.0069930912532
0.0069745932152
0.0067964525411
0.0069633341458
0.0068967886987
0.0068143278977
0.006743741443
0.0069378862536
0.0068723600779
0.0069575036346
0.0067970276592
0.0068517618346
0.0067854545793
0.0067722105553
0.0067018394348
0.0071695143409
0.0071116502418
0.0070880373769
0.0069064782999
0.0071716632201
0.0071033599349
0.0070079387895
0.006937975427
0.0070300787607
0.0069602247385
0.007044248936
0.0068853458873
0.0070325119261
0.006966034915
0.0069659010793
0.0069002589928
0.0071964458776
0.007137122323
0.0071208000716
0.0069420370895
0.0070884460283
0.0070205078885
0.0069375612899
0.0068701314875
0.0071085403968
0.0070382150745
0.0071248666027
0.0069659897503
0.0070185672655
0.006953439047
0.0069379254055
0.0068728725946
0.0070784156655
0.0070234554037
0.0070023543159
0.0068235766751
0.0070460198386
0.0069794918034
0.0068838006522
0.0068141498236
0.0070293814471
0.0069610763885
0.0070438320765
0.0068850558271
0.0070381887678
0.0069723238845
0.0069720071463
0.0069051128104
0.0071624058798
0.0071057703182
0.0070876106028
0.0069088565187
0.007077733037
0.0070102481521
0.0069281406996
0.0068592210402
0.0070648259431
0.0069963769596
0.0070824522853
0.0069232442856
0.0069772366968
0.0069118983852
0.0068974649408
0.0068304427089
0.0073491480173
0.0072978744499
0.007272951876
0.0070937509402
0.007352623622
0.0072888502217
0.0071930154079
0.0071220462887
0.007211119444
0.007145535431
0.0072302412494
0.0070716985714
0.0072178708053
0.0071537921055
0.0071535449167
0.0070848333325
0.0073512648954
0.0072972848873
0.0072794028484
0.0070998689033
0.0072489654168
0.0071831764442
0.0070993383278
0.007029142024
0.0072681061788
0.0072008467131
0.0072888665918
0.0071274417363
0.0071809013632
0.0071159868983
0.0071005988068
0.0070309253841
0.0073209848561
0.0072736809276
0.0072501674694
0.007072351683
0.0072939854135
0.0072321229567
0.0071348642246
0.0070639967885
0.0072836593913
0.0072202457257
0.0073045201445
0.0071447678552
0.0072967420776
0.007233323136
0.0072324512221
0.0071620829506
0.0073283779132
0.0072790183003
0.0072593947271
0.0070816510101
0.0072484807863
0.0071849988578
0.0071016998095
0.0070311872375
0.0072199262938
0.0071563934591
0.00724324475
0.0070831087153
0.0071353205213
0.0070718304309
0.0070571960453
0.0069865982106
0.0068443143707
0.0068026082345
0.0067776264175
0.0066024935544
0.0068612185178
0.0067995518603
0.0067040015205
0.0066335592661
0.00671570589
0.0066576518202
0.0067382142066
0.0065814455166
0.0067260042224
0.0066625236944
0.0066640463683
0.0065946600693
0.0068626897741
0.0068178912402
0.0068006333224
0.0066267506796
0.0067651654887
0.0067023041415
0.0066193965151
0.0065501523395
0.0067809424207
0.0067214522531
0.0068050071215
0.0066472951178
0.0066983391782
0.0066351482065
0.0066215035049
0.0065518453762
0.0068858112964
0.0068477286268
0.0068244756705
0.0066523013552
0.0068676308784
0.0068091675191
0.0067122890172
0.0066431185244
0.00684485374
0.0067891304933
0.0068691877916
0.0067129952987
0.0068621791959
0.0068008153452
0.0068012947245
0.0067315837775
0.0069707157869
0.0069300232916
0.0069099929577
0.0067369703966
0.0068972110789
0.0068369782755
0.0067538622306
0.0066846095189
0.0068785787948
0.0068222783479
0.0069058530418
0.0067488482619
0.0067989217184
0.0067376703358
0.0067240267056
0.0066538360342
0.0067938275688
0.0067650122059
0.0067380742482
0.0065711788458
0.0068175502023
0.006764829703
0.0066683385534
0.006601580708
0.0066707669817
0.0066230544686
0.0067013195475
0.006550276731
0.0066881933469
0.0066313969431
0.0066322772473
0.0065644394161
0.0068135670841
0.0067805079428
0.0067609743559
0.0065924050955
0.0067257976447
0.0066698798029
0.0065854639546
0.0065182331023
0.0067389984836
0.0066888440342
0.0067709183201
0.0066163666043
0.0066626759201
0.0066043807183
0.0065902733714
0.0065207037474
0.0067846110351
0.0067616940017
0.0067356137898
0.0065722960688
0.0067789465057
0.006730385131
0.0066320593262
0.0065674180364
0.0067574999694
0.0067141012418
0.0067914718336
0.0066415248666
0.0067821186534
0.0067283452863
0.0067278863007
0.006660440188
0.0067997609523
0.0067737510583
0.0067517654131
0.0065875274166
0.0067359335326
0.0066849643706
0.0066005025144
0.0065354109049
0.0067029167433
0.0066588772702
0.0067392023869
0.0065884780794
0.0066306637606
0.0065764289648
0.006562281712
0.006494235965
